001
002
3
001
007
2
001
015
1
001
021
4
002
004
1
002
007
1
002
003
4
002
021
3
002
001
1
003
021
2
003
011
3
003
013
10
003
014
2
003
017
5
004
001
4
004
003
3
004
012
5
004
009
1
004
010
4
004
015
2
004
016
5
005
003
1
005
001
3
005
010
5
005
007
2
006
009
4
006
012
3
006
014
5
006
005
3
006
006
1
006
011
4
006
015
1
007
001
2
007
002
1
007
003
4
007
011
8
007
013
10
007
014
2
008
017
5
008
021
3
008
014
1
008
018
4
008
019
2
009
014
3
009
001
3
009
013
6
009
017
1
009
018
1
009
021
2
010
001
2
010
002
3
010
021
5
011
002
1
011
014
3
011
011
4
011
007
1
011
015
1
012
009
3
012
010
1
012
015
2
012
007
1
012
020
4
013
007
10
013
010
3
013
012
5
013
015
4
013
019
6
013
008
3
014
021
1
014
019
5
014
018
2
014
014
9
015
008
4
015
021
3
015
015
1
015
009
2
016
002
3
016
021
3
016
011
4
016
019
5
017
010
4
017
002
1
017
001
3
017
013
3
017
005
2
017
004
3
018
013
7
018
011
3
018
021
5
018
020
1
018
007
3
018
004
3
019
011
12
019
007
5
019
009
3
019
008
4
019
013
6
019
020
4
020
017
3
020
016
2
020
014
5
020
015
3
021
021
4
021
007
3
021
011
4
021
013
4
021
012
8
022
002
2
022
001
1
022
007
3
022
015
2
023
003
5
023
018
4
023
004
6
023
009
3
023
010
4
023
011
5
023
013
8
024
007
12
024
009
6
025
011
6
025
021
4
025
014
7
025
015
3
025
017
1
025
003
3
026
012
4
026
016
6
026
007
5
026
014
2
026
001
7
026
015
2
027
017
4
027
005
3
027
006
2
027
003
2
028
003
2
028
001
1
028
007
2
028
014
1
028
016
3
029
004
7
029
012
5
029
019
2
029
015
1
029
016
3
030
018
4
030
020
2
030
015
1
030
010
5
030
002
7
030
017
2
