001
001
002
7
0
002
002
002
7
25
003
003
005
7
40
004
004
007
8
0
005
005
015
8
37
006
006
017
9
5
007
007
011
9
45
008
008
005
10
30
009
009
002
11
45
010
010
009
13
10
011
011
011
14
17
012
012
017
14
59
013
013
015
16
0
014
014
007
16
30
015
015
011
16
53
016
016
009
17
21
017
017
015
17
45
018
018
002
18
45
019
019
005
19
35
020
020
007
20
0
021
021
009
21
3
022
022
011
21
59
023
023
015
7
5
024
024
017
8
12
025
025
017
8
47
026
026
015
9
37
027
027
011
10
20
028
028
009
10
58
029
029
007
11
25
030
030
005
13
0
